start=35.662211
volume=75.000000
