start=29.351937
volume=40.000000
