start=3546.188000
volume=54.000000
